1 200
2 150
3 150
4 40
5 50
7 5
9 50
11 40
12 90
13 90
14 50
15 70
16 90
17 120
18 30
19 30
20 40
21 50
22 10
23 10
24 40
25 10
26 1
29 10
30 60
33 15
35 150
41 20
42 30
43 30
44 30
45 40
46 15
47 50
48 30
49 20
spawner|Chicken 5
spawner|Cow 5
spawner|Pig 5
spawner|Squid 5
spawner|Sheep 5
spawner|Enderman 5
spawner|Creeper 5
spawner|Skeleton 5
spawner|Zombie 5
spawner|Slime 5
spawner|Spider 5
spawner|Silverfish 5
spawner|Ghast 5
spawner|CaveSpider 5
53 40
54 50
56 40
57 12
58 50
60 90
61 50
67 30
73 60
78 90
80 100
81 50
82 60
84 10
85 35
86 90
87 50
88 50
89 100
90 10
91 50
92 30
97 120
98 95
101 60
102 60
103 90
107 70
108 60
109 60
110 70
112 50
113 50
114 50
116 5
117 5
118 17
119 1
120 30
121 40
122 1
123 60
125 5
126 45
128 30
129 50
130 5
133 30
134 30
135 30
136 30
138 5
139 23
140 20
144 30
145 35
end